244957191614
258842877810
5511918334198
5511943023191
5511947041838
5511954509203
5511959755096
5511960793655
5511964532143
5511970695320
5511971956164
5511980181813
5511981707628
5511988731186
5511991094140
5511992651325
5511993520122
5511997536587
5512997798868
5513981251519
5513996324456
5515996383278
5516992489159
5516993547681
5516994337747
5517996835362
5521970865153
5521976115442
5521977077927
5521979227092
5521986675713
5521989829160
5521990573114
5524999034010
553193211586
553197724745
553291203962
553493190766
553498309489
5535910186228
553599227617
553599418701
553798571021
553888608550
554298104514
554299308358
554792146508
554796920019
554888770269
554891540766
554891590201
555139000157
556181497596
556195643398
556294362266
556593455888
556692279376
556799417984
556881116435
557192321352
557192345510
557192806948
557499636060
557581537863
557581955049
557591814165
557592042306
557598179522
557598956615
557799361348
557996596887
558181742618
558196179636
558196706583
558197187774
558296349133
558491019941
558591074911
558888081923
558896335284
559182095389
559182472986
559184123817
559186214327
559391895438
559481159733
559885862667
554799107952
258864266492
551136317814
551136317820
551143808068
5511910977317
5511911108095
5511913340307
5511913977933
5511915874418
5511917317069
5511919092028
5511933030802
5511933390579
5511934047061
5511937616482
5511939047775
5511942787086
5511942790044
5511944463535
5511945139627
5511946294720
5511946601302
5511948795212
5511948858833
5511949629913
5511949830535
5511949911932
5511950165051
5511951147609
5511956475896
5511960427671
5511962420667
5511964468047
5511965015942
5511966057370
5511967058555
5511967136098
5511967460913
5511969297574
5511970834101
5511972358109
5511974055399
5511974666208
5511975358419
5511978134974
5511978356120
5511981236095
5511981850578
5511985039194
5511985127287
5511985782161
5511986265304
5511987445256
5511989675044
5511991627848
5511993641263
5511995933391
5511997536587
5512982121778
5512988932855
5512992040152
551330286975
5513982103491
5513991313025
5513992077289
5513996036514
5513997203928
5514981343388
5514982301089
5514991487561
5514991835098
5514996710978
5514998366342
5514998370431
5514998378724
5515981443456
5515998116212
5515998232979
5515998531091
5516981116714
5516981472538
5516988617542
5516993325339
5516993708879
5516994022684
5517988296058
5517996067024
5518981088448
5518981206099
5518981503090
5518997354752
5518997766608
5519978239966
5519981358921
5519982284618
5519982293554
5519998720260
5521964986780
5521966877662
5521967016219
5521969292956
5521972785691
5521975350761
5521976432722
5521976668787
5521976842358
5521980078373
5521980761074
5521980788557
5521981365097
5521982375825
5521982477596
5521984791045
5521986372660
5521989774577
5521990573114
5521992165210
5521992671514
5521993449793
5521994815576
5521995680063
5521996207220
5521999149656
5522920097894
5522992184648
5522992697433
5522992698851
5522997235513
5522997589888
5522999820157
5524992422397
5527992583462
5527992994599
5527998647688
5527999379601
5528999682394
553175124997
553180217570
553183741976
553189022471
553190007898
553195100049
553195374992
553195959866
553291420977
553298846059
553384270917
553397339505
553398254986
553398552962
553399386279
553491548986
553497678152
553498209144
553498431511
553498646111
553498758381
553499082390
553499439960
553591110085
553592277985
553597630529
553598423694
553598743308
553791824380
553791979248
553798211338
553884152184
553888356731
553891091801
553897557101
553898571096
553899469407
553899905339
554184204951
554184589215
554196271060
554199060070
554199328673
554199469485
554199989271
554299536300
554391064036
554391182323
554391453147
554499218304
554591275624
554797054897
554797105561
554797488859
554799961751
554884141409
554892067343
554892190520
554896173488
554991943397
554998244314
554999986821
555181641152
555183519682
555194498220
555195087052
555195135235
555196927351
555197534745
555197627861
555197863787
555199233983
555199345693
555199420346
555397058522
555399342138
555491967393
555492340305
555499488476
556194608097
556195169500
556196151659
556199646316
556281450380
556282121268
556291933586
556292580174
556293080139
556293436526
556293631973
556294802433
556296381095
556296956362
556298440328
556298756580
556299326960
556384188557
556391338620
556392700833
556399582015
556481318057
556484048545
556492480988
556492794059
556584051738
556596934176
556681329802
556684184987
556692074915
556692096873
556696170970
556696783718
556793393115
556796140556
556796908026
556799866308
556892103297
556892442174
556992085896
556992668901
5569933009371
556993309672
556993598343
556999943247
557184158494
557184826884
557185063045
557191359548
557192832778
557197132626
557197425573
557381512622
557391047263
557391587619
557481236384
557499652670
557581388142
557582886884
557582928440
557583317598
557588332333
557591126324
557591682947
557591762619
557781266990
557988512501
557998751296
558182249792
558184278367
558184447184
558184560045
558185447855
558185649590
558186441988
558186893239
558193143459
558282317224
558287600042
558287691392
558381323057
558386670193
558387462009
558388888432
558391814128
558393200993
558393988361
558394101666
558398039611
558481902501
558499526090
558499726612
558581493344
558587323990
558588346573
558594377780
558596587757
558599442047
558688164383
558695129931
558796283407
558796549837
558882164581
558888123531
558892838485
558893140327
558893638948
558896343383
558896433767
558896466281
558899007405
558994049796
559182095389
559182482140
559184011406
559184054594
559185609621
559189665121
559191945220
559192176143
559286133599
559291141006
559291862342
559294268946
559392428467
559484201715
559491868619
559491893929
559591680291
559681312828
559781123827
559870067652
559870095532
559884686408
559885378725
559885662646
559891266104
559984094481
559984231958
559985488381
559991978212